-----IMC-----
batch,PRE,DATA,SEND,COM
1,0.6235986,3.9552378,0.3117572,262.9086731
2,0.5890958,7.0169565,0.7364609,395.6034545
8,0.6316231,23.2472435,6.3177573,1070.0723828
4,0.6158895,12.0874826,2.8891175,687.3814317
-----DIG-----
batch,PRE,DATA,SEND,COM
64,0.7282299,6.5663347,1.4588752,56.8756011
8,0.6015462,1.2314206,0.0628065,9.8474446
32,0.6466986,3.5656084,0.0838592,32.8209952
4,1.5859301,0.7607558,0.0483256,6.035185
1,0.6597833,0.4137063,0.0396057,2.6660414
16,0.9101029,2.0738061,0.0802465,17.341972
2,1.461542,0.7327827,0.0399184,3.4320345
-----FACE-----
batch,PRE,DATA,SEND,COM
1,0.599983,67.3886321,5.882465,384.6047388
4,0.6207944,209.9948661,0.3724096,1253.8953468
2,0.6989095,117.8989859,1.0537807,735.3685446
8,0.754734,382.322009,0.6569704,2287.0252952
