-----IMC-----
batch,PRE,DATA,SEND,COM
1,0.6418952,3.5286997,0.3481809,215.6170236
2,1.2696828,6.5862208,0.5054048,282.342278
8,0.6122831,23.3023495,8.4405064,658.3279182
4,0.8759411,12.2417495,6.157097,385.6372998
-----DIG-----
batch,PRE,DATA,SEND,COM
64,0.6119672,6.9933224,1.2164526,76.3222047
8,0.5575338,1.3299377,0.5729727,36.0690811
32,0.59327,3.5276996,1.0724882,49.9838418
4,0.6055581,0.92228,0.0397135,34.5803243
1,0.6150372,0.6063179,0.0419563,20.177959
16,0.635141,2.1944998,0.0693394,51.5988718
2,1.2107898,0.5239222,0.0384933,24.2413922
-----FACE-----
batch,PRE,DATA,SEND,COM
1,0.7154926,69.0406337,8.6023135,375.9793825
4,0.6204857,200.8451423,0.3715628,1062.6399617
2,0.6008119,115.594706,1.176941,651.6433321
8,0.6149999,370.3505155,0.6584044,1982.1252206
