-----IMC-----
batch,PRE,DATA,SEND,COM
1,0.6148196,3.747007,0.3120348,226.3390854
2,0.6422122,7.0439922,0.5621333,317.0383648
8,1.4590117,24.1760389,9.2399156,819.442955
4,0.6903659,12.1808296,2.4480611,529.6312876
-----DIG-----
batch,PRE,DATA,SEND,COM
64,0.8063905,6.180557,0.1405137,53.8256927
8,0.542668,1.069116,0.7695459,8.2488267
32,0.6553674,3.3779493,0.0812594,28.8485487
4,0.7045298,0.9151843,0.0419905,7.2798193
1,0.7369474,0.4306892,0.0449604,3.5719992
16,1.3720383,2.0045019,0.0661578,15.8511949
2,0.8297501,0.7032192,0.0388205,4.2611862
-----FACE-----
batch,PRE,DATA,SEND,COM
1,0.6366534,65.8727165,9.1385117,348.1638975
4,0.6107069,213.9863012,0.3674893,1204.049437
2,0.6571236,117.0837573,0.2214233,706.1068996
8,1.2149698,370.7586736,0.6503498,2091.0730034
