-----IMC-----
batch,PRE,DATA,SEND,COM
1,0.8253657,3.4403204,0.4242154,215.6351729
2,0.5936502,6.8492557,0.5066735,282.330136
8,1.3556165,23.9641965,7.9737511,627.593196
4,0.6743594,12.3574089,3.4054706,446.3948857
-----DIG-----
batch,PRE,DATA,SEND,COM
64,0.561858,6.3413946,0.1495029,50.9781829
8,1.3389638,1.2749486,0.054801,8.5387534
32,1.2428805,3.5773963,0.083694,29.4109766
4,0.6446414,0.909119,0.0476801,9.6908188
1,0.5871366,0.3935567,0.0441524,5.0880255
16,0.6261325,2.0592386,0.069156,16.0684125
2,0.6503965,0.5539497,0.0459264,4.781415
-----FACE-----
batch,PRE,DATA,SEND,COM
1,1.4736101,69.0153011,8.4375724,339.3369477
4,0.6401425,207.314783,0.3698048,1015.7130437
2,0.62955,113.5195417,1.7735257,607.9242113
8,0.6257732,377.0998025,0.6573052,1978.0875422
