-----IMC-----
batch,PRE,DATA,SEND,COM
1,0.5905152,3.3008719,0.318925,208.8347355
2,0.6591616,6.7774465,0.738333,263.0492816
8,0.6563211,24.4059019,9.2648824,622.3367751
4,0.6316644,12.1397924,3.5505967,408.7381619
-----DIG-----
batch,PRE,DATA,SEND,COM
64,1.1010365,7.0017747,0.1563062,53.0513804
8,0.8008628,1.3514287,0.0562057,19.1952482
32,0.5839194,3.5987649,0.088697,30.7748837
4,0.615151,0.786503,0.0523035,18.5572955
1,0.5843814,0.4076575,0.0406498,9.2165087
16,0.6548633,2.0655649,0.0694556,19.4441519
2,1.4854878,0.5543987,0.0431635,10.0081065
-----FACE-----
batch,PRE,DATA,SEND,COM
1,0.7347509,66.2039065,2.7676522,334.8250628
4,0.6592889,204.5927637,0.3646626,1043.5938154
2,0.6354458,119.4886339,0.2219336,649.3356568
8,0.6422327,379.2487843,0.6559233,1883.4124983
