batch,IMC,DIG,FACE
1,6.22222222222,1.0,16.0
2,13.0,1.0,52.3333333333
3,15.3333333333,1.0,44.2222222222
4,38.7777777778,1.0,56.3333333333
5,13.6666666667,1.0,84.5555555556
6,15.4444444444,1.0,92.1111111111
7,17.2222222222,1.0,103.888888889
8,21.0,1.11111111111,123.333333333
9,22.5555555556,1.0,127.555555556
10,23.3333333333,1.0,122.0
11,26.7777777778,1.0,134.666666667
12,29.0,1.0,146.666666667
13,30.0,1.0,158.111111111
14,31.0,1.0,169.666666667
15,37.8888888889,1.0,181.777777778
16,43.3333333333,1.0,193.444444444
17,49.3333333333,1.0,206.666666667
18,45.1111111111,1.0,218.111111111
19,49.7777777778,1.0,229.333333333
20,51.5555555556,1.0,242.333333333
21,48.6666666667,1.0,254.111111111
22,54.4444444444,1.0,265.444444444
23,55.8888888889,1.0,277.555555556
24,56.3333333333,1.0,289.777777778
25,61.1111111111,1.0,301.111111111
26,58.1111111111,1.0,312.777777778
27,60.5555555556,1.0,324.666666667
28,60.7777777778,1.0,336.888888889
29,64.6666666667,1.0,346.777777778
30,63.3333333333,1.0,379.111111111
31,68.7777777778,1.0,369.222222222
32,68.1111111111,1.0,381.555555556
33,69.6666666667,1.0,415.777777778
34,74.6666666667,1.0,404.222222222
35,75.3333333333,1.0,415.333333333
36,80.4444444444,1.0,427.111111111
37,80.6666666667,1.0,463.0
38,89.3333333333,1.0,451.333333333
39,83.2222222222,1.0,512.333333333
40,84.0,1.0,476.0
41,91.4444444444,1.0,606.555555556
42,95.8888888889,1.0,569.666666667
43,92.6666666667,1.11111111111,627.777777778
44,94.3333333333,1.0,616.333333333
45,96.4444444444,1.0,674.444444444
46,97.5555555556,1.0,713.555555556
47,96.0,1.0,699.666666667
48,102.888888889,1.0,643.0
49,105.111111111,1.0,676.555555556
50,103.555555556,1.0,758.666666667
51,110.555555556,1.0,656.222222222
52,107.222222222,1.0,712.333333333
53,106.444444444,1.0,680.444444444
54,115.777777778,1.0,691.333333333
55,97.7777777778,1.22222222222,770.444444444
56,98.4444444444,1.11111111111,691.888888889
57,100.333333333,1.0,703.111111111
58,104.555555556,1.44444444444,688.888888889
59,108.0,1.22222222222,702.555555556
60,105.222222222,1.22222222222,715.777777778
61,104.333333333,1.55555555556,726.666666667
62,104.0,1.66666666667,736.333333333
63,110.111111111,1.66666666667,752.222222222
64,129.888888889,1.66666666667,759.777777778
65,115.555555556,1.77777777778,774.0
66,112.555555556,1.55555555556,786.666666667
67,112.111111111,1.77777777778,799.888888889
68,115.444444444,1.77777777778,859.333333333
69,120.666666667,3.77777777778,822.888888889
70,128.0,1.88888888889,881.333333333
71,124.0,2.0,846.222222222
72,119.333333333,2.0,856.666666667
73,129.666666667,2.0,962.444444444
74,125.0,1.88888888889,878.666666667
75,130.111111111,2.0,892.666666667
76,128.0,2.0,928.888888889
77,129.111111111,2.0,921.0
78,137.0,2.0,952.888888889
79,137.666666667,2.0,966.555555556
80,139.333333333,2.0,
81,138.222222222,2.0,
82,134.333333333,2.0,
83,135.777777778,2.0,
84,140.444444444,2.0,
85,140.777777778,2.0,
86,145.555555556,2.0,
87,147.333333333,2.0,
88,144.333333333,2.0,
89,146.0,2.0,
90,144.888888889,2.0,
91,154.111111111,2.0,
92,150.888888889,2.0,
93,154.111111111,2.0,
94,155.666666667,2.0,
95,158.444444444,2.0,
96,152.111111111,2.0,
97,161.0,2.0,
98,164.666666667,2.0,
99,157.888888889,2.0,
100,163.666666667,2.0,
101,163.111111111,2.0,
102,168.888888889,2.0,
103,168.333333333,2.0,
104,167.888888889,2.0,
105,164.777777778,2.0,
106,178.333333333,2.0,
107,171.666666667,2.0,
108,175.333333333,2.0,
109,177.555555556,2.0,
110,177.555555556,2.0,
111,177.333333333,2.0,
112,175.111111111,2.0,
113,183.888888889,2.0,
114,184.111111111,2.0,
115,182.555555556,2.11111111111,
116,188.111111111,2.0,
117,186.0,2.0,
118,191.666666667,2.0,
119,198.111111111,2.0,
120,192.666666667,2.0,
121,200.444444444,2.11111111111,
122,195.555555556,2.0,
123,206.555555556,2.0,
124,190.444444444,2.0,
125,207.333333333,2.0,
126,201.666666667,2.33333333333,
127,204.111111111,2.0,
128,203.0,2.22222222222,
129,214.111111111,2.33333333333,
130,209.555555556,2.22222222222,
131,215.444444444,2.44444444444,
132,215.111111111,2.55555555556,
133,222.666666667,40.5555555556,
134,221.888888889,40.4444444444,
135,223.555555556,40.5555555556,
136,218.444444444,40.5555555556,
137,231.111111111,32.2222222222,
138,232.333333333,40.7777777778,
139,233.222222222,35.8888888889,
140,227.111111111,3.0,
141,232.222222222,3.0,
142,234.0,3.0,
143,229.555555556,2.77777777778,
144,244.333333333,2.88888888889,
145,244.111111111,2.77777777778,
146,242.0,3.0,
147,227.777777778,36.4444444444,
148,233.888888889,37.0,
149,249.444444444,41.0,
150,241.333333333,39.8888888889,
151,245.333333333,32.1111111111,
152,246.444444444,36.1111111111,
153,255.888888889,40.5555555556,
154,261.333333333,3.0,
155,247.555555556,3.0,
156,256.666666667,3.0,
157,249.666666667,3.11111111111,
158,257.111111111,3.0,
159,254.777777778,3.0,
160,267.444444444,3.0,
161,255.888888889,36.2222222222,
162,267.444444444,36.0,
163,266.222222222,32.5555555556,
164,265.333333333,31.8888888889,
165,272.666666667,32.5555555556,
166,271.777777778,36.1111111111,
167,270.555555556,32.4444444444,
168,274.222222222,3.0,
169,269.888888889,3.0,
170,283.777777778,3.0,
171,282.333333333,3.0,
172,280.333333333,3.0,
173,282.333333333,3.0,
174,277.222222222,3.0,
175,276.888888889,40.2222222222,
176,293.777777778,32.7777777778,
177,303.111111111,32.7777777778,
178,284.666666667,32.7777777778,
179,285.777777778,32.8888888889,
180,283.333333333,40.4444444444,
181,297.0,24.3333333333,
182,302.666666667,3.0,
183,302.333333333,3.0,
184,326.0,3.0,
185,311.666666667,3.0,
186,298.222222222,3.22222222222,
187,307.666666667,3.0,
188,306.555555556,3.0,
189,318.111111111,28.8888888889,
190,311.888888889,37.0,
191,310.0,41.5555555556,
192,320.777777778,37.3333333333,
193,317.555555556,40.6666666667,
194,316.888888889,41.3333333333,
195,312.333333333,41.1111111111,
196,320.333333333,3.0,
197,622.777777778,3.0,
198,381.111111111,3.11111111111,
199,453.111111111,3.11111111111,
200,415.111111111,3.0,
