batch,IMC,DIG,FACE
1,70.208372,7.236814,88.323631
2,8.780727,1.425514,21.153949
3,8.684334,1.446864,20.950126
4,8.7436,3.239197,20.588802
5,8.698346,1.489017,21.144328
6,8.72669,1.44339,21.500011
7,8.758403,1.46315,21.161242
8,8.789413,1.452664,
9,48.321842,3.075146,
10,8.741815,1.440448,
11,8.74277,1.602431,
12,48.342573,1.651369,
13,48.308723,1.481395,
14,8.802367,1.487484,
15,8.787227,1.449644,
16,8.798983,3.90462,
17,47.039892,1.507083,
18,48.232706,1.460788,
19,45.47357,3.597047,
20,45.088497,1.473525,
21,8.823144,1.537751,
22,8.811199,1.53229,
23,9.439599,1.565524,
24,9.182178,3.038898,
25,8.776264,1.514257,
26,8.758757,1.499112,
27,9.628082,1.942567,
28,48.294211,1.522101,
29,8.780311,1.776943,
30,8.797045,4.345583,
31,48.243654,1.504881,
32,8.863094,1.685479,
33,8.850013,1.501046,
34,48.343956,1.699672,
35,8.770331,2.72753,
36,48.340703,1.453156,
37,48.330868,2.076743,
38,45.236382,1.923359,
39,48.361935,1.58051,
40,45.194564,4.478157,
41,48.360535,1.563296,
42,9.033633,1.492661,
43,48.379399,2.674198,
44,48.238608,1.851083,
45,49.420977,1.49798,
46,48.289185,1.557713,
47,46.264238,5.127711,
48,48.341572,1.578083,
49,48.280686,1.63184,
50,8.836924,1.505361,
