back-to-back,concurrent,batching
0.0813828468323
0.0813828468323
0.0638085842133
0.0813828468323
0.0638085842133
0.105460596085
0.0813828468323
0.0638085842133
0.105460596085
0.0778287410736
0.0813828468323
0.0638085842133
0.105460596085
0.0778287410736
0.0819105625153
0.0813828468323
0.0638085842133
0.105460596085
0.0778287410736
0.0819105625153
0.084460401535
0.0813828468323
0.0638085842133
0.105460596085
0.0778287410736
0.0819105625153
0.084460401535
0.0886507511139
0.0813828468323
0.0638085842133
0.105460596085
0.0778287410736
0.0819105625153
0.084460401535
0.0886507511139
0.0929986000061
0.0813828468323
0.0638085842133
0.105460596085
0.0778287410736
0.0819105625153
0.084460401535
0.0886507511139
0.0929986000061
0.0974367141724
0.0813828468323
0.0638085842133
0.105460596085
0.0778287410736
0.0819105625153
0.084460401535
0.0886507511139
0.0929986000061
0.0974367141724
0.100705575943
0.0813828468323
0.0638085842133
0.105460596085
0.0778287410736
0.0819105625153
0.084460401535
0.0886507511139
0.0929986000061
0.0974367141724
0.100705575943
0.106847572327
0.0813828468323
0.0638085842133
0.105460596085
0.0778287410736
0.0819105625153
0.084460401535
0.0886507511139
0.0929986000061
0.0974367141724
0.100705575943
0.106847572327
0.111905002594
0.0813828468323
0.0638085842133
0.105460596085
0.0778287410736
0.0819105625153
0.084460401535
0.0886507511139
0.0929986000061
0.0974367141724
0.100705575943
0.106847572327
0.111905002594
0.113575029373
0.0813828468323
0.0638085842133
0.105460596085
0.0778287410736
0.0819105625153
0.084460401535
0.0886507511139
0.0929986000061
0.0974367141724
0.100705575943
0.106847572327
0.111905002594
0.113575029373
0.121873807907
