0,0.229134,0.016174,4.382733,0.232583
0,0.220838,0.155207,4.465912,0.230283
2,0.239066,0.017367,2.037804,0.385008
3,0.387137,0.004200,2.024715,0.319642
4,0.842993,0.006996,0.645626,0.314989
5,0.390345,0.004929,0.907756,0.157626
6,0.373398,0.011280,2.110101,0.189603
7,0.401418,0.005378,1.972922,0.481181
8,0.365564,0.006909,2.600653,0.536174
9,0.412585,0.003110,4.134967,0.217816
10,0.413112,0.005933,1.351235,2.868249
11,0.308427,0.046718,1.021701,0.206156
12,0.417091,0.005691,0.840520,0.203342
13,0.434643,0.004594,3.909476,0.134090
15,0.385071,0.004733,3.368949,0.599857
14,0.379234,0.021821,4.097850,0.156149
16,0.290100,0.005575,1.106404,0.189835
17,0.374378,0.022963,1.773779,0.176702
18,0.369363,0.030679,0.990412,0.833801
19,0.059013,0.050137,1.286914,0.228570
22,0.036831,0.009666,1.307595,0.212517
23,0.057651,0.105421,1.442595,0.153748
21,0.045807,0.028097,1.725081,0.183035
24,0.255802,0.053612,3.092649,0.651802
20,0.302540,0.033628,5.636078,0.283626
25,0.386329,0.005397,1.249752,0.176086
26,0.372356,0.107035,1.906964,0.292947
27,0.312743,0.004053,1.378238,0.467397
28,0.075925,0.004459,1.029034,0.126084
29,0.086951,0.014484,1.180524,0.137769
31,0.425181,0.004683,1.154637,0.358534
30,0.431558,0.006640,4.829637,0.193760
