batch,NER,POS,CHK
1,0.0,0.333333333333,0.0
2,0.111111111111,1.0,0.777777777778
3,0.666666666667,1.0,1.0
4,0.777777777778,1.0,1.0
5,0.666666666667,1.0,1.0
6,1.0,1.0,1.0
7,1.0,1.11111111111,1.11111111111
8,1.0,1.0,1.66666666667
9,1.0,1.11111111111,1.44444444444
10,1.0,1.77777777778,1.33333333333
11,1.0,2.0,1.55555555556
12,1.0,2.0,1.44444444444
13,1.0,2.0,1.77777777778
14,34.4444444444,2.0,2.11111111111
15,1.55555555556,2.11111111111,2.22222222222
16,38.6666666667,2.44444444444,2.11111111111
17,10.2222222222,3.0,2.44444444444
18,34.7777777778,3.11111111111,2.33333333333
19,14.3333333333,3.0,3.33333333333
20,18.1111111111,27.8888888889,3.11111111111
21,19.3333333333,11.6666666667,41.2222222222
22,23.6666666667,24.0,3.22222222222
23,14.5555555556,29.6666666667,29.0
24,18.4444444444,28.2222222222,4.44444444444
25,19.7777777778,29.6666666667,43.5555555556
26,15.3333333333,25.6666666667,43.8888888889
27,24.0,25.1111111111,5.11111111111
28,36.6666666667,9.0,5.88888888889
29,41.0,43.1111111111,44.3333333333
30,36.5555555556,9.33333333333,6.33333333333
31,32.5555555556,34.6666666667,39.0
32,24.6666666667,26.1111111111,35.3333333333
33,11.7777777778,26.6666666667,40.2222222222
34,32.7777777778,9.66666666667,6.11111111111
35,32.6666666667,18.5555555556,39.8888888889
36,37.4444444444,40.5555555556,32.0
37,3.22222222222,14.1111111111,7.33333333333
38,7.66666666667,36.4444444444,44.8888888889
39,42.0,6.11111111111,25.3333333333
40,41.4444444444,11.2222222222,26.5555555556
41,3.77777777778,37.0,45.1111111111
42,41.7777777778,46.0,42.0
43,8.44444444444,7.0,9.11111111111
44,41.8888888889,11.5555555556,8.66666666667
45,4.0,46.7777777778,47.0
46,41.7777777778,7.0,9.0
47,4.0,46.6666666667,41.6666666667
48,4.0,7.66666666667,9.11111111111
49,42.0,42.6666666667,41.7777777778
50,4.11111111111,7.88888888889,10.1111111111
51,4.55555555556,8.0,13.6666666667
52,4.66666666667,8.0,18.3333333333
53,4.88888888889,43.3333333333,44.7777777778
54,33.3333333333,54.2222222222,12.0
55,38.8888888889,88.1111111111,16.4444444444
56,43.2222222222,87.7777777778,33.5555555556
57,42.2222222222,88.8888888889,34.1111111111
58,43.2222222222,50.3333333333,34.5555555556
59,38.6666666667,80.0,67.7777777778
60,5.0,8.77777777778,72.4444444444
61,9.44444444444,39.6666666667,75.6666666667
62,39.0,18.3333333333,63.1111111111
63,38.8888888889,9.11111111111,59.6666666667
64,5.22222222222,14.1111111111,52.0
65,10.2222222222,9.88888888889,11.3333333333
66,35.3333333333,85.8888888889,47.3333333333
67,35.2222222222,86.1111111111,43.1111111111
68,10.3333333333,91.0,51.6666666667
69,10.1111111111,90.4444444444,51.5555555556
70,40.1111111111,52.1111111111,18.3333333333
71,35.7777777778,91.4444444444,81.3333333333
72,23.2222222222,15.5555555556,70.1111111111
73,36.0,48.0,74.2222222222
74,6.0,48.3333333333,74.4444444444
75,10.3333333333,48.6666666667,74.4444444444
76,10.4444444444,11.0,22.3333333333
77,10.4444444444,71.8888888889,16.0
78,6.22222222222,58.7777777778,38.0
79,8.22222222222,93.1111111111,29.6666666667
80,6.55555555556,46.0,33.8888888889
81,6.77777777778,49.3333333333,83.7777777778
82,6.66666666667,36.0,83.5555555556
83,7.0,12.1111111111,63.1111111111
84,6.77777777778,55.4444444444,88.6666666667
85,6.55555555556,12.7777777778,63.7777777778
86,6.77777777778,89.7777777778,77.7777777778
87,7.0,93.8888888889,42.4444444444
88,7.33333333333,89.7777777778,50.8888888889
89,7.22222222222,93.6666666667,46.5555555556
90,7.55555555556,57.4444444444,30.6666666667
91,8.88888888889,55.5555555556,30.6666666667
92,7.33333333333,42.1111111111,77.8888888889
93,7.33333333333,13.7777777778,60.7777777778
94,9.44444444444,13.6666666667,66.0
95,7.33333333333,13.8888888889,55.5555555556
96,7.55555555556,13.7777777778,56.0
97,7.88888888889,59.3333333333,17.8888888889
98,7.44444444444,59.0,18.7777777778
99,10.2222222222,59.5555555556,0
100,8.0,54.4444444444,18.4444444444
101,8.0,49.7777777778,17.8888888889
102,9.0,17.3333333333,14.5555555556
103,8.77777777778,17.6666666667,48.2222222222
104,9.11111111111,18.0,57.2222222222
105,9.33333333333,17.7777777778,57.3333333333
106,9.55555555556,17.8888888889,52.4444444444
107,9.77777777778,17.4444444444,48.1111111111
108,9.77777777778,62.7777777778,20.2222222222
109,9.88888888889,62.4444444444,21.0
110,9.77777777778,51.5555555556,19.0
111,9.77777777778,63.0,21.1111111111
112,9.77777777778,18.2222222222,17.0
113,9.66666666667,18.8888888889,58.3333333333
114,9.66666666667,18.7777777778,59.1111111111
115,10.0,63.5555555556,57.2222222222
116,10.6666666667,65.1111111111,23.2222222222
117,10.3333333333,63.4444444444,26.8888888889
118,11.0,19.6666666667,17.2222222222
119,10.7777777778,19.7777777778,19.7777777778
120,10.7777777778,20.4444444444,61.1111111111
121,11.0,20.1111111111,61.4444444444
122,11.0,20.2222222222,61.1111111111
123,10.6666666667,20.2222222222,56.0
124,10.8888888889,20.2222222222,55.4444444444
125,10.8888888889,61.8888888889,63.7777777778
126,10.7777777778,67.1111111111,63.2222222222
127,10.6666666667,62.5555555556,58.4444444444
128,10.7777777778,64.3333333333,63.8888888889
129,11.7777777778,22.4444444444,20.2222222222
130,11.3333333333,22.0,24.0
131,11.6666666667,22.0,19.4444444444
132,11.3333333333,22.6666666667,62.7777777778
133,11.2222222222,23.8888888889,56.8888888889
134,12.0,63.5555555556,57.8888888889
135,50.7777777778,69.3333333333,56.6666666667
136,41.6666666667,63.6666666667,63.0
137,42.3333333333,23.0,20.6666666667
138,52.0,22.8888888889,20.6666666667
139,52.4444444444,34.3333333333,20.7777777778
140,52.2222222222,25.3333333333,21.8888888889
141,51.6666666667,24.6666666667,63.7777777778
142,52.3333333333,69.6666666667,67.6666666667
143,47.8888888889,70.8888888889,68.4444444444
144,52.1111111111,65.1111111111,58.7777777778
145,48.8888888889,65.2222222222,64.2222222222
146,44.1111111111,26.8888888889,22.0
147,13.6666666667,25.0,20.8888888889
148,13.8888888889,25.7777777778,25.3333333333
149,14.0,30.3333333333,25.8888888889
150,13.6666666667,73.3333333333,64.6666666667
151,14.0,67.3333333333,70.1111111111
152,13.6666666667,61.6666666667,64.6666666667
153,13.6666666667,73.1111111111,70.1111111111
154,14.0,74.8888888889,60.6666666667
155,13.2222222222,72.7777777778,70.0
156,14.1111111111,27.7777777778,21.0
157,13.5555555556,25.7777777778,25.1111111111
158,13.8888888889,26.4444444444,27.0
159,49.1111111111,31.7777777778,23.3333333333
160,53.5555555556,58.7777777778,61.2222222222
161,54.4444444444,75.6666666667,72.2222222222
162,53.3333333333,75.0,72.3333333333
163,54.4444444444,74.6666666667,72.0
164,54.0,63.3333333333,71.3333333333
165,53.8888888889,64.5555555556,71.7777777778
166,54.7777777778,28.0,24.7777777778
167,54.5555555556,27.5555555556,30.3333333333
168,55.1111111111,28.6666666667,23.3333333333
169,55.2222222222,33.4444444444,23.4444444444
170,54.3333333333,28.1111111111,24.5555555556
171,54.4444444444,29.7777777778,23.7777777778
172,54.5555555556,74.4444444444,59.7777777778
173,15.0,69.6666666667,53.3333333333
174,16.0,72.1111111111,69.4444444444
175,15.8888888889,29.7777777778,73.2222222222
176,15.8888888889,35.1111111111,58.3333333333
177,15.6666666667,34.6666666667,26.8888888889
178,15.6666666667,29.3333333333,24.7777777778
179,15.5555555556,29.2222222222,31.4444444444
180,15.6666666667,29.6666666667,24.6666666667
181,15.3333333333,77.5555555556,31.4444444444
182,16.3333333333,77.0,33.0
183,16.8888888889,76.6666666667,75.7777777778
184,16.4444444444,74.7777777778,75.2222222222
185,16.2222222222,77.0,75.5555555556
186,55.5555555556,31.7777777778,74.0
187,55.4444444444,30.5555555556,67.3333333333
188,52.6666666667,32.2222222222,37.4444444444
189,56.3333333333,36.5555555556,33.7777777778
190,56.0,82.4444444444,33.1111111111
191,56.8888888889,75.4444444444,34.8888888889
192,51.7777777778,76.3333333333,62.3333333333
193,56.2222222222,31.8888888889,69.8888888889
194,57.6666666667,35.3333333333,75.8888888889
195,56.7777777778,31.7777777778,71.4444444444
196,53.2222222222,39.3333333333,71.5555555556
197,17.7777777778,44.7777777778,35.4444444444
198,11502.25,32.6666666667,35.0
199,14.1111111111,71.7777777778,35.8888888889
200,14.5555555556,61.3333333333,34.1111111111
