----pos----
1,0.478903436661
2,0.470017886162
4,0.479068899155
8,0.478410196304
16,0.486977863312
32,0.498182106018
64,0.506676316261
128,0.531291890144
256,0.56988902092
----ner----
1,0.480291509628
2,0.480983686447
4,0.483896398544
8,0.485762763023
16,0.482188034058
32,0.47759540081
64,0.495107221603
128,0.517660689354
256,0.557566714287
----chk----
1,0.47982506752
2,0.480479359627
4,0.486659669876
8,0.476689863205
16,0.489863681793
32,0.495027041435
64,0.51891014576
128,0.544579195976
256,0.601790452003
